ISS (ZARYA)             
1 25544U 98067A   24175.14351436  .00017396  00000+0  31531-3 0  9997
2 25544  51.6412 285.7796 0010807 357.6563  66.7125 15.49657563459473
CSS (TIANHE)            
1 48274U 21035A   24174.91937019  .00034074  00000+0  37557-3 0  9990
2 48274  41.4689  48.1636 0004912 265.8829  94.1449 15.62386591179995
ISS (NAUKA)             
1 49044U 21066A   24174.83521159  .00018321  00000+0  33171-3 0  9990
2 49044  51.6416 287.3111 0010908 356.5490 146.7384 15.49648437165487
FREGAT DEB              
1 49271U 11037PF  24174.79548124  .00034347  00000+0  67532-1 0  9997
2 49271  51.6790 331.9026 1004228 136.7756 231.6494 12.17356610135885
CSS (WENTIAN)           
1 53239U 22085A   24174.91937019  .00034074  00000+0  37557-3 0  9993
2 53239  41.4689  48.1636 0004912 265.8829  94.1449 15.62386591102471
CSS (MENGTIAN)          
1 54216U 22143A   24174.91937019  .00034074  00000+0  37557-3 0  9994
2 54216  41.4689  48.1636 0004912 265.8829  94.1449 15.62386591 93623
ISS DEB                 
1 58229U 98067WC  24174.55371937  .01300971  12877-2  85613-3 0  9998
2 58229  51.6177 258.4630 0012819 336.1524  23.8898 16.16560815 36565
BEAK                    
1 58612U 98067WD  24174.66566745  .00950244  53285-3  95645-3 0  9997
2 58612  51.6232 263.0523 0014162 334.9172  25.1152 16.10243274 29464
TIANZHOU-7              
1 58811U 24013A   24174.91937019  .00034074  00000+0  37557-3 0  9997
2 58811  41.4689  48.1636 0004912 265.8829  94.1449 15.62386591179713
CYGNUS NG-20            
1 58898U 24021A   24174.83521159  .00018321  00000+0  33171-3 0  9991
2 58898  51.6416 287.3111 0010908 356.5490 146.7384 15.49648437 22329
PROGRESS-MS 26          
1 58961U 24029A   24174.83521159  .00018321  00000+0  33171-3 0  9990
2 58961  51.6416 287.3111 0010908 356.5490 146.7384 15.49648437459223
CREW DRAGON 8           
1 59097U 24042A   24174.83521159  .00018321  00000+0  33171-3 0  9996
2 59097  51.6416 287.3111 0010908 356.5490 146.7384 15.49648437459224
SOYUZ-MS 25             
1 59294U 24055A   24174.83521159  .00018321  00000+0  33171-3 0  9999
2 59294  51.6416 287.3111 0010908 356.5490 146.7384 15.49648437 14130
MICROORBITER-1          
1 59483U 98067WF  24174.70083313  .00116305  00000+0  10580-2 0  9993
2 59483  51.6334 283.7018 0010655 327.0039  33.0291 15.67011094 11344
CURTIS                  
1 59507U 98067WG  24174.71095652  .00078772  00000+0  84368-3 0  9991
2 59507  51.6334 284.5209 0007916 327.2651  32.7852 15.63109809 11347
KASHIWA                 
1 59508U 98067WH  24174.53563033  .00144285  00000+0  11945-2 0  9998
2 59508  51.6313 284.0924 0011855 327.7248  32.3022 15.69193631 11334
1998-067WJ              
1 59559U 98067WJ  24174.69679593  .00071741  00000+0  81179-3 0  9993
2 59559  51.6360 285.1892 0007649 307.0657  52.9637 15.61738607 10204
1998-067WK              
1 59560U 98067WK  24174.66385308  .00180233  00000+0  13741-2 0  9996
2 59560  51.6331 283.4563 0014129 316.8365  43.1524 15.71012596 10159
1998-067WL              
1 59561U 98067WL  24174.61572813  .00032305  00000+0  45304-3 0  9998
2 59561  51.6369 286.8979 0004736 314.6622  45.3983 15.56440949 10146
BURSTCUBE               
1 59562U 98067WM  24174.69922155  .00080410  00000+0  90016-3 0  9995
2 59562  51.6366 285.2074 0008226 331.8330  28.2218 15.61962731 10187
SNOOPI                  
1 59563U 98067WN  24174.54011261  .00066374  00000+0  79745-3 0  9996
2 59563  51.6376 286.3963 0006907 330.8623  29.1984 15.60217951 10159
SHENZHOU-18 (SZ-18)     
1 59591U 24078A   24174.91937019  .00034074  00000+0  37557-3 0  9994
2 59591  41.4689  48.1636 0004912 265.8829  94.1449 15.62386591  8811
1998-067WP              
1 59596U 98067WP  24174.57968330  .00099022  00000+0  99728-3 0  9992
2 59596  51.6349 285.1533 0009280 311.9669  48.0535 15.64560080 10208
1998-067WQ              
1 59597U 98067WQ  24174.70460872  .00100888  00000+0  10085-2 0  9997
2 59597  51.6381 284.4974 0009393 312.3706  47.6493 15.64739231 10190
SZ-17 MODULE            
1 59624U 23164C   24174.89691030  .00030546  00000+0  29425-3 0  9998
2 59624  41.4779  48.0149 0008028 291.1223  68.8759 15.65814331  8439
PROGRESS-MS 27          
1 59913U 24103A   24174.58341435  .00068610  00000+0  12124-2 0  9990
2 59913  51.6407 288.5582 0010475 356.5766 181.0779 15.49646421459389
STARLINER CFT-1         
1 59968U 24109A   24174.83521159  .00018321  00000+0  33171-3 0  9997
2 59968  51.6416 287.3111 0010908 356.5490 146.7384 15.49648437459221